440068
541833
778318
616492
368421
5444
545729
75232
989558
803895
315612
985115
911214
941330
106753
627693
384915
884030
352985
408542
63094
42484
433548
354085
832126
578690
957104
31240
276000
931064
571567
488228
90363
287852
271394
325589
493839
49143
97271
384740
629086
417781
740440
747609
231779
799425
474506
436867
730765
615645
2643
337403
912217
120942
840645
701347
938699
746096
912017
76843
649165
534554
769245
455437
419347
70714
986191
149188
475837
654481
100704
695495
914119
381664
41240
574332
718311
586463
471672
574778
587277
105423
648549
685637
752130
256626
61541
972105
589818
508684
761082
732539
180332
623219
664867
642830
330633
892730
228054
774989
